2022 66
NOAA 15                 
1 25338U 98030A   22066.12603820  .00000075  00000+0  49866-4 0  9997
2 25338  98.6570  96.9401 0009593 231.7734 128.2583 14.26095125238681
DMSP 5D-3 F15 (USA 147) 
1 25991U 99067A   22065.91330612  .00000100  00000+0  73482-4 0  9995
2 25991  99.0468  55.7699 0011053 117.1986 302.0104 14.16504449149279
METEOSAT-8 (MSG-1)      
1 27509U 02040B   22065.61081872  .00000129  00000+0  00000+0 0  9997
2 27509   7.8490  51.1926 0001001 313.0064  61.3918  1.00273442 71577
DMSP 5D-3 F16 (USA 172) 
1 28054U 03048A   22066.18187566  .00000048  00000+0  49622-4 0  9990
2 28054  98.9822  56.4985 0006437 244.1012 182.4748 14.13654847948570
NOAA 18                 
1 28654U 05018A   22066.14760212  .00000137  00000+0  98206-4 0  9997
2 28654  98.9598 136.6262 0013340 259.1949 100.7721 14.12695703865624
METEOSAT-9 (MSG-2)      
1 28912U 05049B   22065.67835181  .00000124  00000+0  00000+0 0  9999
2 28912   5.7905  66.9429 0001026 233.4452 128.2447  1.00419174 59401
FORMOSAT-3 FM6          
1 29047U 06011A   22065.99290454  .00000187  00000+0  89203-4 0  9998
2 29047  71.9763 268.9941 0048758  58.6701 301.9194 14.28913733830969
FORMOSAT-3 FM1          
1 29048U 06011B   22065.74735925  .00000272  00000+0  12284-3 0  9998
2 29048  71.9670 179.6779 0043130  16.8874 343.3686 14.28864954833363
FORMOSAT-3 FM5          
1 29049U 06011C   22065.85403252  .00000328  00000+0  14490-3 0  9999
2 29049  72.0229 354.6770 0033477  37.5287 322.8177 14.28951536829199
FORMOSAT-3 FM3          
1 29050U 06011D   22066.16083602  .00000753  00000+0  16692-3 0  9997
2 29050  72.0147  75.8497 0052052 263.9034  95.6186 14.59269720847986
FORMOSAT-3 FM4          
1 29051U 06011E   22065.97901566  .00000223  00000+0  10183-3 0  9995
2 29051  72.0031 255.2572 0069864 279.2856  80.0384 14.28982347831814
FORMOSAT-3 FM2          
1 29052U 06011F   22065.86219625  .00000318  00000+0  14044-3 0  9997
2 29052  72.0363 331.5775 0040082 354.8890   5.1832 14.29094689829250
EWS-G1 (GOES 13)        
1 29155U 06018A   22065.68655031  .00000029  00000+0  00000+0 0  9995
2 29155   0.3297  97.6846 0003000 165.4557 209.8032  1.00271047 27703
METOP-A                 
1 29499U 06044A   22065.85865596  .00000828  00000+0  11941-3 0  9990
2 29499  98.4657 107.1501 0198035 329.8972 145.6884 14.66967698795633
DMSP 5D-3 F17 (USA 191) 
1 29522U 06050A   22066.11752370  .00000085  00000+0  67599-4 0  9995
2 29522  98.7740  83.0573 0009772 186.1119 173.9937 14.14076120791445
FENGYUN 3A              
1 32958U 08026A   22066.13360329  .00000074  00000+0  55923-4 0  9994
2 32958  98.4896  33.0185 0008121 325.7210  34.3441 14.18692462713828
FENGYUN 2E              
1 33463U 08066A   22065.93313243 -.00000211  00000+0  00000+0 0  9995
2 33463   5.6788  65.8854 0004440 351.0595 170.3424  1.00270292 48412
NOAA 19                 
1 33591U 09005A   22066.13741195  .00000077  00000+0  66624-4 0  9993
2 33591  99.1616  98.0622 0014802 114.3397 245.9321 14.12535070674006
GOES 14                 
1 35491U 09033A   22065.58177507 -.00000100  00000+0  00000+0 0  9992
2 35491   0.0733  82.1230 0012658 145.0159  42.0492  1.00271941 46433
METEOR-M 1              
1 35865U 09049A   22066.18125249  .00000063  00000+0  47499-4 0  9992
2 35865  98.5162  40.0179 0002755 140.9701 219.1676 14.22309137647159
DMSP 5D-3 F18 (USA 210) 
1 35951U 09057A   22066.18833711  .00000183  00000+0  11985-3 0  9990
2 35951  98.7130  48.1493 0011603  23.7237 336.4469 14.13453249638678
GOES 15                 
1 36411U 10008A   22065.72065260  .00000045  00000+0  00000+0 0  9994
2 36411   0.0434 124.3275 0000561 228.6003 303.2613  1.00260133 43983
COMS 1                  
1 36744U 10032A   22065.84342940 -.00000353  00000+0  00000+0 0  9999
2 36744   0.8061  95.1069 0000974 274.8340 226.3931  1.00269656 35413
FENGYUN 3B              
1 37214U 10059A   22065.69629513 -.00000046  00000+0  26264-6 0  9994
2 37214  99.0932  69.8400 0021157 286.0499  73.8334 14.14244778586438
SUOMI NPP               
1 37849U 11061A   22066.08096819  .00000058  00000+0  48191-4 0  9996
2 37849  98.7241   6.0995 0000860  83.3667  44.4970 14.19547596536665
FENGYUN 2F              
1 38049U 12002A   22066.16514477 -.00000364  00000+0  00000+0 0  9992
2 38049   3.5431  80.4543 0004334   5.3143 250.5441  1.00279500 37214
METEOSAT-10 (MSG-3)     
1 38552U 12035B   22065.81967233  .00000053  00000+0  00000+0 0  9994
2 38552   1.3862  34.2564 0001169 237.4978 197.0367  1.00273470 35180
METOP-B                 
1 38771U 12049A   22066.13984535  .00000059  00000+0  46974-4 0  9993
2 38771  98.6782 127.4039 0001005  42.3535  11.7598 14.21499614491198
FENGYUN 3C              
1 39260U 13052A   22066.15835482  .00000061  00000+0  52027-4 0  9999
2 39260  98.4676  99.3896 0010558 203.8910 156.1777 14.15903161437445
METEOR-M 2              
1 40069U 14037A   22066.20320196 -.00000011  00000+0  14093-4 0  9996
2 40069  98.4406  88.6295 0004516 257.3454 102.7216 14.20698847397340
HIMAWARI-8              
1 40267U 14060A   22065.84587150 -.00000284  00000+0  00000+0 0  9996
2 40267   0.0210 147.4921 0000940 220.4276 241.7700  1.00270813 27088
FENGYUN 2G              
1 40367U 14090A   22065.69413828 -.00000310  00000+0  00000+0 0  9993
2 40367   1.6777  90.4386 0002218 338.3521  84.7704  1.00283277 26321
METEOSAT-11 (MSG-4)     
1 40732U 15034A   22065.81792796 -.00000006  00000+0  00000+0 0  9998
2 40732   0.1905 355.1267 0001784  75.7344  28.6567  1.00281841 24355
ELEKTRO-L 2             
1 41105U 15074A   22065.88673725 -.00000123  00000+0  00000+0 0  9994
2 41105   2.7306  89.3363 0000314  84.9684 295.0007  1.00272883 22840
HIMAWARI-9              
1 41836U 16064A   22065.85743720 -.00000283  00000+0  00000+0 0  9992
2 41836   0.0201 224.8653 0000589 104.1148 284.9875  1.00273455 19514
GOES 16                 
1 41866U 16071A   22065.58753147 -.00000257  00000+0  00000+0 0  9998
2 41866   0.0825 286.3875 0000917  85.2728 288.9106  1.00272092 19434
FENGYUN 4A              
1 41882U 16077A   22065.91046059 -.00000338  00000+0  00000+0 0  9996
2 41882   0.1653  87.3541 0005568 350.3734 159.3152  1.00272589 19300
CYGFM05                 
1 41884U 16078A   22066.16921119  .00002915  00000+0  15097-3 0  9994
2 41884  34.9558 118.5445 0016003 255.2073 104.6866 15.15652201289359
CYGFM04                 
1 41885U 16078B   22065.79561803  .00003105  00000+0  15846-3 0  9997
2 41885  34.9490 110.6684 0014455 266.9060  92.9997 15.16165716289239
CYGFM02                 
1 41886U 16078C   22065.52484194  .00003254  00000+0  16589-3 0  9996
2 41886  34.9582 114.5175 0015139 259.1547 100.7461 15.16183261289277
CYGFM01                 
1 41887U 16078D   22065.49778514  .00003027  00000+0  15772-3 0  9996
2 41887  34.9526 124.9266 0016425 248.9689 110.9266 15.15426411289108
CYGFM08                 
1 41888U 16078E   22066.17177767  .00003116  00000+0  16032-3 0  9995
2 41888  34.9496 113.8533 0015660 265.1697  94.7226 15.15861772289365
CYGFM06                 
1 41889U 16078F   22065.83527375  .00003104  00000+0  15831-3 0  9995
2 41889  34.9576 111.2825 0014097 261.6753  98.2360 15.16196649289260
CYGFM07                 
1 41890U 16078G   22065.81597376  .00003156  00000+0  16113-3 0  9994
2 41890  34.9515 110.2351 0013895 265.7230  94.1894 15.16152248289240
CYGFM03                 
1 41891U 16078H   22066.14340806  .00002945  00000+0  15053-3 0  9993
2 41891  34.9546 108.6364 0013436 266.6624  93.2551 15.16148364289433
FENGYUN 3D              
1 43010U 17072A   22066.19494108  .00000011  00000+0  26231-4 0  9996
2 43010  98.8052  11.3610 0001813 157.2486 202.8774 14.19184593223260
NOAA 20                 
1 43013U 17073A   22066.09103324  .00000051  00000+0  44927-4 0  9992
2 43013  98.7481   6.0680 0001202  63.6572 296.4727 14.19531547222704
GOES 17                 
1 43226U 18022A   22065.71230021  .00000089  00000+0  00000+0 0  9996
2 43226   0.0668 288.4034 0000383  64.2644 290.9184  1.00273080 14748
FENGYUN 2H              
1 43491U 18050A   22065.83371444 -.00000137  00000+0  00000+0 0  9994
2 43491   0.8897  99.5136 0003034  21.4259  63.0051  1.00272888 13769
METOP-C                 
1 43689U 18087A   22066.16649518  .00000064  00000+0  49416-4 0  9997
2 43689  98.6980 127.7292 0002404 359.0814   1.0358 14.21487129172772
GEO-KOMPSAT-2A          
1 43823U 18100A   22065.84342940 -.00000352  00000+0  00000+0 0  9998
2 43823   0.0241  43.4522 0001226   0.6023 192.3592  1.00273378 11948
METEOR-M2 2             
1 44387U 19038A   22066.17720280 -.00000017  00000+0  11806-4 0  9998
2 44387  98.7095  27.8476 0001098 157.9857 202.1373 14.23700577138859
FENGYUN 3E              
1 49008U 21062A   22066.25456962 -.00000004  00000+0  18542-4 0  9995
2 49008  98.7105  69.8240 0001018 327.9173  32.1942 14.19821239 34811
